# l, t, x, y
0 0.0000 0.0000 0.0000
0 0.0000 0.4020 0.7797
0 0.2869 0.4020 0.7782
0 0.3220 0.4020 0.7705
0 0.3466 0.3974 0.7598
0 0.3675 0.3958 0.7552
0 0.3687 0.3943 0.7475
0 0.3886 0.3912 0.7399
0 0.3903 0.3897 0.7368
0 0.4131 0.3882 0.7292
0 0.4319 0.3836 0.7184
0 0.4550 0.3805 0.7123
0 0.4568 0.3790 0.7093
0 0.4800 0.3775 0.7031
0 0.4978 0.3744 0.6970
0 0.5154 0.3713 0.6893
0 0.5381 0.3683 0.6832
0 0.5406 0.3667 0.6801
0 0.5635 0.3652 0.6756
0 0.5811 0.3637 0.6710
0 0.5987 0.3606 0.6633
0 0.6214 0.3575 0.6572
0 0.6394 0.3560 0.6526
0 0.6407 0.3545 0.6510
0 0.6633 0.3529 0.6464
0 0.6814 0.3483 0.6403
0 0.7054 0.3468 0.6342
0 0.7066 0.3453 0.6327
0 0.7302 0.3422 0.6281
0 0.7479 0.3392 0.6219
0 0.7492 0.3376 0.6204
0 0.7714 0.3361 0.6158
0 0.7890 0.3330 0.6112
0 0.7903 0.3315 0.6081
0 0.8138 0.3300 0.6036
0 0.8322 0.3254 0.5959
0 0.8548 0.3223 0.5898
0 0.8725 0.3208 0.5852
0 0.8737 0.3192 0.5836
0 0.8970 0.3162 0.5775
0 0.9153 0.3146 0.5729
0 0.9165 0.3131 0.5699
0 0.9390 0.3100 0.5637
0 0.9404 0.3100 0.5637
0 0.9634 0.3070 0.5576
0 0.9821 0.3039 0.5530
0 0.9832 0.3024 0.5499
0 1.0057 0.2993 0.5438
0 1.0071 0.2978 0.5407
0 1.0312 0.2963 0.5362
0 1.0323 0.2947 0.5331
0 1.0553 0.2917 0.5270
0 1.0568 0.2901 0.5239
0 1.0804 0.2871 0.5178
0 1.0985 0.2840 0.5132
0 1.0999 0.2825 0.5101
0 1.1220 0.2794 0.5055
0 1.1236 0.2779 0.5025
0 1.1470 0.2763 0.4979
0 1.1651 0.2733 0.4917
0 1.1663 0.2718 0.4902
0 1.1884 0.2702 0.4856
0 1.1900 0.2687 0.4841
0 1.2133 0.2672 0.4795
0 1.2310 0.2641 0.4733
0 1.2490 0.2626 0.4687
0 1.2502 0.2610 0.4672
0 1.2714 0.2580 0.4611
0 1.2892 0.2564 0.4565
0 1.2905 0.2534 0.4519
0 1.3129 0.2518 0.4488
0 1.3311 0.2503 0.4427
0 1.3489 0.2472 0.4381
0 1.3502 0.2457 0.4335
0 1.3723 0.2426 0.4289
0 1.3743 0.2411 0.4259
0 1.3976 0.2381 0.4182
0 1.4160 0.2335 0.4105
0 1.4389 0.2319 0.4044
0 1.4400 0.2304 0.4029
0 1.4642 0.2289 0.3968
0 1.4827 0.2258 0.3922
0 1.4840 0.2258 0.3906
0 1.5057 0.2227 0.3845
0 1.5093 0.2227 0.3830
0 1.5309 0.2212 0.3784
0 1.5499 0.2181 0.3738
0 1.5721 0.2166 0.3707
0 1.5750 0.2166 0.3707
0 1.5973 0.2151 0.3692
0 1.6154 0.2151 0.3676
0 1.6168 0.2151 0.3676
0 1.6384 0.2151 0.3661
0 1.7832 0.2151 0.3676
0 1.8101 0.2151 0.3676
0 1.8322 0.2166 0.3692
0 1.8334 0.2166 0.3692
0 1.8563 0.2181 0.3707
0 1.8575 0.2181 0.3722
0 1.8802 0.2197 0.3738
0 1.8982 0.2227 0.3753
0 1.8994 0.2243 0.3768
0 1.9220 0.2273 0.3784
0 1.9234 0.2304 0.3799
0 1.9467 0.2350 0.3814
0 1.9647 0.2365 0.3830
0 1.9661 0.2426 0.3860
0 1.9892 0.2472 0.3876
0 1.9905 0.2518 0.3906
0 2.0127 0.2564 0.3922
0 2.0309 0.2626 0.3952
0 2.0493 0.2656 0.3968
0 2.0505 0.2733 0.3998
0 2.0720 0.2779 0.4013
0 2.0732 0.2825 0.4029
0 2.0974 0.2901 0.4059
0 2.1162 0.2917 0.4075
0 2.1176 0.2978 0.4090
0 2.1385 0.3039 0.4121
0 2.1398 0.3070 0.4136
0 2.1636 0.3131 0.4151
0 2.1813 0.3146 0.4167
0 2.1825 0.3208 0.4197
0 2.2044 0.3269 0.4213
0 2.2223 0.3315 0.4228
0 2.2234 0.3346 0.4243
0 2.2466 0.3407 0.4259
0 2.2650 0.3453 0.4289
0 2.2664 0.3483 0.4289
0 2.2890 0.3545 0.4305
0 2.2903 0.3560 0.4320
0 2.3144 0.3637 0.4350
0 2.3325 0.3683 0.4366
0 2.3549 0.3729 0.4381
0 2.3570 0.3759 0.4396
0 2.3805 0.3805 0.4412
0 2.3991 0.3820 0.4427
0 2.4003 0.3866 0.4442
0 2.4223 0.3912 0.4473
0 2.4240 0.3943 0.4473
0 2.4467 0.3974 0.4504
0 2.4649 0.4004 0.4504
0 2.4661 0.4050 0.4534
0 2.4885 0.4096 0.4550
0 2.4901 0.4127 0.4550
0 2.5132 0.4173 0.4580
0 2.5313 0.4219 0.4596
0 2.5326 0.4234 0.4611
0 2.5552 0.4295 0.4626
0 2.5569 0.4311 0.4642
0 2.5798 0.4372 0.4657
0 2.5979 0.4418 0.4687
0 2.5993 0.4433 0.4703
0 2.6215 0.4479 0.4718
0 2.6236 0.4494 0.4733
0 2.6463 0.4540 0.4764
0 2.6644 0.4586 0.4795
0 2.6661 0.4602 0.4795
0 2.6886 0.4632 0.4825
0 2.6904 0.4663 0.4841
0 2.7135 0.4709 0.4871
0 2.7316 0.4724 0.4887
0 2.7328 0.4770 0.4902
0 2.7549 0.4831 0.4933
0 2.7566 0.4862 0.4948
0 2.7798 0.4923 0.4994
0 2.7980 0.5000 0.5025
0 2.7992 0.5015 0.5040
0 2.8216 0.5092 0.5070
0 2.8228 0.5123 0.5086
0 2.8472 0.5169 0.5101
0 2.8658 0.5199 0.5116
0 2.8670 0.5260 0.5147
0 2.8883 0.5322 0.5178
0 2.8904 0.5352 0.5193
0 2.9138 0.5398 0.5224
0 2.9322 0.5460 0.5239
0 2.9335 0.5490 0.5254
0 2.9549 0.5551 0.5285
0 2.9572 0.5582 0.5300
0 2.9803 0.5643 0.5331
0 2.9984 0.5674 0.5346
0 2.9996 0.5735 0.5377
0 3.0216 0.5766 0.5377
0 3.0238 0.5781 0.5392
0 3.0469 0.5797 0.5392
0 3.0649 0.5812 0.5407
0 3.0663 0.5827 0.5407
0 3.0906 0.5827 0.5407
0 3.1658 0.5827 0.5423
0 3.1868 0.5797 0.5423
0 3.2053 0.5766 0.5438
0 3.2067 0.5735 0.5438
0 3.2303 0.5689 0.5453
0 3.2484 0.5582 0.5484
0 3.2718 0.5521 0.5499
0 3.2736 0.5490 0.5499
0 3.2967 0.5429 0.5515
0 3.3147 0.5368 0.5530
0 3.3168 0.5337 0.5530
0 3.3386 0.5276 0.5530
0 3.3400 0.5230 0.5530
0 3.3633 0.5184 0.5545
0 3.3813 0.5107 0.5561
0 3.3829 0.5061 0.5561
0 3.4052 0.4969 0.5561
0 3.4069 0.4939 0.5576
0 3.4307 0.4847 0.5576
0 3.4488 0.4786 0.5591
0 3.4502 0.4694 0.5591
0 3.4718 0.4602 0.5607
0 3.4733 0.4571 0.5607
0 3.4971 0.4479 0.5607
0 3.5151 0.4433 0.5622
0 3.5165 0.4341 0.5622
0 3.5386 0.4234 0.5637
0 3.5402 0.4188 0.5637
0 3.5636 0.4096 0.5637
0 3.5813 0.4050 0.5653
0 3.5830 0.3958 0.5653
0 3.6056 0.3882 0.5668
0 3.6068 0.3851 0.5668
0 3.6306 0.3775 0.5668
0 3.6491 0.3713 0.5683
0 3.6506 0.3698 0.5683
0 3.6717 0.3637 0.5683
0 3.6733 0.3606 0.5683
0 3.6977 0.3545 0.5699
0 3.7159 0.3499 0.5699
0 3.7173 0.3468 0.5699
0 3.7387 0.3407 0.5699
0 3.7401 0.3376 0.5699
0 3.7637 0.3315 0.5714
0 3.7820 0.3269 0.5714
0 3.7833 0.3238 0.5714
0 3.8051 0.3177 0.5714
0 3.8064 0.3146 0.5729
0 3.8304 0.3100 0.5729
0 3.8484 0.3055 0.5729
0 3.8497 0.3024 0.5744
0 3.8717 0.2993 0.5744
0 3.8732 0.2963 0.5744
0 3.8968 0.2917 0.5760
0 3.9150 0.2871 0.5760
0 3.9163 0.2840 0.5760
0 3.9383 0.2794 0.5775
0 3.9403 0.2763 0.5775
0 3.9639 0.2702 0.5775
0 3.9819 0.2656 0.5790
0 3.9838 0.2626 0.5790
0 4.0057 0.2549 0.5806
0 4.0070 0.2518 0.5806
0 4.0305 0.2457 0.5821
0 4.0485 0.2411 0.5836
0 4.0499 0.2365 0.5836
0 4.0716 0.2319 0.5852
0 4.0739 0.2289 0.5852
0 4.0970 0.2243 0.5852
0 4.1149 0.2166 0.5867
0 4.1384 0.2120 0.5882
0 4.1402 0.2089 0.5882
0 4.1638 0.2044 0.5882
0 4.1821 0.1967 0.5898
0 4.2054 0.1921 0.5898
0 4.2068 0.1890 0.5913
0 4.2306 0.1844 0.5913
0 4.2487 0.1783 0.5928
0 4.2717 0.1752 0.5928
0 4.2734 0.1737 0.5944
0 4.2968 0.1706 0.5944
0 4.3150 0.1661 0.5959
0 4.3164 0.1645 0.5959
0 4.3394 0.1615 0.5974
0 4.3406 0.1599 0.5974
0 4.3633 0.1569 0.5974
0 4.3814 0.1538 0.5990
0 4.3827 0.1523 0.5990
0 4.4054 0.1492 0.5990
0 4.4068 0.1492 0.5990
0 4.4301 0.1461 0.5990
0 4.4486 0.1446 0.5990
0 4.4499 0.1431 0.5990
0 4.4720 0.1415 0.5990
0 4.4971 0.1400 0.5990
0 4.5154 0.1400 0.5990
0 4.6416 0.1400 0.5990
0 4.6658 0.1415 0.5990
0 4.6673 0.1415 0.5974
0 4.6904 0.1446 0.5974
0 4.6918 0.1461 0.5959
0 4.7137 0.1477 0.5944
0 4.7317 0.1538 0.5898
0 4.7548 0.1569 0.5882
0 4.7568 0.1584 0.5852
0 4.7794 0.1630 0.5836
0 4.7973 0.1676 0.5790
0 4.8152 0.1722 0.5760
0 4.8164 0.1737 0.5744
0 4.8383 0.1783 0.5699
0 4.8396 0.1814 0.5683
0 4.8638 0.1875 0.5637
0 4.8818 0.1906 0.5622
0 4.8832 0.1952 0.5576
0 4.9047 0.2013 0.5545
0 4.9228 0.2059 0.5515
0 4.9242 0.2074 0.5499
0 4.9472 0.2120 0.5469
0 4.9656 0.2166 0.5438
0 4.9669 0.2197 0.5423
0 4.9885 0.2243 0.5407
0 4.9899 0.2258 0.5392
0 5.0137 0.2304 0.5362
0 5.0321 0.2335 0.5346
0 5.0335 0.2381 0.5316
0 5.0553 0.2442 0.5285
0 5.0566 0.2472 0.5270
0 5.0808 0.2534 0.5239
0 5.0991 0.2549 0.5224
0 5.1005 0.2610 0.5208
0 5.1223 0.2656 0.5162
0 5.1239 0.2672 0.5162
0 5.1470 0.2718 0.5132
0 5.1651 0.2748 0.5116
0 5.1664 0.2779 0.5086
0 5.1885 0.2825 0.5055
0 5.1900 0.2855 0.5040
0 5.2148 0.2901 0.5009
0 5.2165 0.2917 0.4994
0 5.2397 0.2978 0.4963
0 5.2413 0.2993 0.4948
0 5.2640 0.3055 0.4917
0 5.2823 0.3116 0.4871
0 5.3053 0.3162 0.4841
0 5.3086 0.3177 0.4841
0 5.3308 0.3223 0.4810
0 5.3489 0.3284 0.4764
0 5.3719 0.3315 0.4749
0 5.3755 0.3330 0.4749
0 5.3973 0.3361 0.4718
0 5.4155 0.3392 0.4703
0 5.4168 0.3407 0.4687
0 5.4385 0.3438 0.4672
0 5.4412 0.3453 0.4657
0 5.4646 0.3499 0.4642
0 5.4658 0.3514 0.4626
0 5.4885 0.3545 0.4611
0 5.4898 0.3575 0.4596
0 5.5135 0.3621 0.4565
0 5.5320 0.3683 0.4534
0 5.5335 0.3713 0.4519
0 5.5549 0.3775 0.4473
0 5.5563 0.3805 0.4458
0 5.5802 0.3866 0.4427
0 5.5984 0.3943 0.4381
0 5.5997 0.3974 0.4366
0 5.6219 0.4050 0.4320
0 5.6233 0.4081 0.4305
0 5.6470 0.4173 0.4259
0 5.6655 0.4234 0.4228
0 5.6668 0.4280 0.4197
0 5.6884 0.4341 0.4167
0 5.6908 0.4372 0.4136
0 5.7132 0.4449 0.4090
0 5.7313 0.4510 0.4044
0 5.7329 0.4540 0.4029
0 5.7552 0.4602 0.3983
0 5.7566 0.4648 0.3968
0 5.7802 0.4694 0.3937
0 5.7987 0.4755 0.3906
0 5.8001 0.4770 0.3891
0 5.8219 0.4816 0.3876
0 5.8236 0.4847 0.3860
0 5.8473 0.4877 0.3830
0 5.8656 0.4893 0.3830
0 5.8670 0.4908 0.3814
0 5.8890 0.4939 0.3799
0 5.8904 0.4939 0.3799
0 5.9134 0.4939 0.3799
0 6.0682 0.4954 0.3799
0 6.0961 0.4954 0.3814
0 6.1171 0.4939 0.3830
0 6.1394 0.4939 0.3845
0 6.1408 0.4939 0.3860
0 6.1636 0.4939 0.3876
0 6.1817 0.4939 0.3891
0 6.1831 0.4923 0.3922
0 6.2050 0.4923 0.3968
0 6.2068 0.4908 0.3998
0 6.2307 0.4908 0.4090
0 6.2491 0.4893 0.4136
0 6.2506 0.4877 0.4228
0 6.2717 0.4862 0.4305
0 6.2733 0.4847 0.4350
0 6.2970 0.4831 0.4412
0 6.3147 0.4816 0.4473
0 6.3160 0.4816 0.4504
0 6.3384 0.4801 0.4550
0 6.3398 0.4786 0.4580
0 6.3635 0.4770 0.4626
0 6.3815 0.4755 0.4672
0 6.3829 0.4755 0.4703
0 6.4050 0.4740 0.4749
0 6.4065 0.4740 0.4764
0 6.4304 0.4724 0.4810
0 6.4485 0.4709 0.4871
0 6.4500 0.4709 0.4902
0 6.4711 0.4694 0.4948
0 6.4892 0.4678 0.4994
0 6.4906 0.4678 0.5009
0 6.5137 0.4663 0.5055
0 6.5321 0.4663 0.5101
0 6.5335 0.4663 0.5132
0 6.5550 0.4648 0.5162
0 6.5565 0.4648 0.5193
0 6.5803 0.4632 0.5239
0 6.5987 0.4632 0.5285
0 6.6001 0.4617 0.5316
0 6.6215 0.4617 0.5362
0 6.6231 0.4617 0.5392
0 6.6468 0.4602 0.5438
0 6.6655 0.4586 0.5499
0 6.6668 0.4586 0.5515
0 6.6881 0.4571 0.5576
0 6.6900 0.4571 0.5607
0 6.7136 0.4556 0.5653
0 6.7322 0.4540 0.5699
0 6.7335 0.4525 0.5729
0 6.7548 0.4510 0.5775
0 6.7570 0.4510 0.5806
0 6.7800 0.4494 0.5852
0 6.7986 0.4464 0.5913
0 6.8000 0.4449 0.5974
0 6.8214 0.4433 0.6036
0 6.8394 0.4418 0.6097
0 6.8411 0.4403 0.6127
0 6.8639 0.4372 0.6219
0 6.8820 0.4357 0.6281
0 6.8834 0.4341 0.6327
0 6.9058 0.4311 0.6419
0 6.9074 0.4295 0.6449
0 6.9320 0.4265 0.6510
0 6.9334 0.4249 0.6541
0 6.9557 0.4219 0.6602
0 6.9573 0.4219 0.6633
0 6.9801 0.4188 0.6694
0 6.9980 0.4173 0.6756
0 6.9995 0.4157 0.6786
0 7.0223 0.4142 0.6847
0 7.0238 0.4127 0.6878
0 7.0467 0.4112 0.6924
0 7.0651 0.4081 0.6985
0 7.0664 0.4081 0.7016
0 7.0882 0.4050 0.7062
0 7.0901 0.4050 0.7093
0 7.1136 0.4035 0.7138
0 7.1318 0.4020 0.7184
0 7.1333 0.4020 0.7215
0 7.1549 0.4004 0.7246
0 7.1568 0.4004 0.7276
0 7.1803 0.3989 0.7292
0 7.1990 0.3989 0.7338
0 7.2217 0.3989 0.7353
0 7.2235 0.3989 0.7368
0 7.2472 0.3974 0.7399
0 7.2652 0.3974 0.7430
0 7.2666 0.3958 0.7430
0 7.2883 0.3958 0.7460
0 7.2900 0.3958 0.7475
0 7.3136 0.3958 0.7491
0 7.3318 0.3958 0.7521
0 7.3551 0.3943 0.7537
0 7.3567 0.3943 0.7552
0 7.3802 0.3943 0.7567
0 7.3984 0.3943 0.7598
0 7.3998 0.3928 0.7598
0 7.4214 0.3928 0.7613
0 7.4394 0.3928 0.7613
0 7.4408 0.3928 0.7613
0 7.4634 0.3928 0.7613
