# l, t, x, y
0 0.0000 0.0000 0.0000
0 0.0000 0.1599 0.7675
0 0.3134 0.1615 0.7675
0 0.3493 0.1661 0.7675
0 0.3510 0.1691 0.7675
0 0.3795 0.1768 0.7675
0 0.3997 0.1906 0.7675
0 0.4231 0.1998 0.7675
0 0.4469 0.2044 0.7675
0 0.4480 0.2089 0.7675
0 0.4716 0.2135 0.7675
0 0.4727 0.2166 0.7675
0 0.4973 0.2212 0.7675
0 0.4985 0.2243 0.7675
0 0.5224 0.2289 0.7675
0 0.5237 0.2304 0.7675
0 0.5464 0.2365 0.7675
0 0.5487 0.2396 0.7675
0 0.5710 0.2457 0.7675
0 0.5889 0.2518 0.7675
0 0.5904 0.2549 0.7675
0 0.6133 0.2610 0.7675
0 0.6156 0.2641 0.7675
0 0.6378 0.2702 0.7659
0 0.6555 0.2763 0.7659
0 0.6570 0.2779 0.7659
0 0.6797 0.2840 0.7659
0 0.6976 0.2901 0.7659
0 0.6989 0.2917 0.7659
0 0.7212 0.2963 0.7659
0 0.7386 0.3024 0.7659
0 0.7404 0.3039 0.7659
0 0.7630 0.3085 0.7644
0 0.7642 0.3100 0.7644
0 0.7891 0.3146 0.7644
0 0.7902 0.3177 0.7644
0 0.8133 0.3223 0.7644
0 0.8149 0.3238 0.7644
0 0.8389 0.3284 0.7644
0 0.8403 0.3300 0.7644
0 0.8631 0.3346 0.7644
0 0.8657 0.3376 0.7644
0 0.8880 0.3438 0.7644
0 0.8904 0.3453 0.7644
0 0.9140 0.3514 0.7644
0 0.9156 0.3529 0.7644
0 0.9397 0.3591 0.7644
0 0.9409 0.3606 0.7644
0 0.9633 0.3652 0.7644
0 0.9654 0.3683 0.7644
0 0.9883 0.3729 0.7644
0 0.9904 0.3759 0.7644
0 1.0132 0.3820 0.7644
0 1.0156 0.3851 0.7644
0 1.0380 0.3897 0.7644
0 1.0404 0.3928 0.7644
0 1.0642 0.3989 0.7659
0 1.0655 0.4020 0.7659
0 1.0889 0.4066 0.7659
0 1.0908 0.4096 0.7675
0 1.1137 0.4142 0.7675
0 1.1152 0.4157 0.7690
0 1.1384 0.4203 0.7690
0 1.1403 0.4219 0.7690
0 1.1636 0.4249 0.7690
0 1.1652 0.4280 0.7690
0 1.1892 0.4311 0.7690
0 1.1905 0.4326 0.7690
0 1.2134 0.4357 0.7690
0 1.2151 0.4372 0.7690
0 1.2389 0.4403 0.7690
0 1.2403 0.4403 0.7690
0 1.2636 0.4418 0.7690
0 1.2654 0.4433 0.7690
0 1.4095 0.4433 0.7690
0 1.4346 0.4433 0.7675
0 1.4566 0.4433 0.7644
0 1.4581 0.4433 0.7644
0 1.4805 0.4433 0.7613
0 1.4823 0.4433 0.7598
0 1.5063 0.4433 0.7583
0 1.5074 0.4433 0.7552
0 1.5307 0.4418 0.7521
0 1.5320 0.4418 0.7506
0 1.5562 0.4418 0.7475
0 1.5574 0.4418 0.7460
0 1.5803 0.4418 0.7430
0 1.5818 0.4418 0.7414
0 1.6053 0.4418 0.7368
0 1.6077 0.4418 0.7338
0 1.6302 0.4418 0.7292
0 1.6314 0.4418 0.7276
0 1.6556 0.4418 0.7215
0 1.6567 0.4418 0.7184
0 1.6808 0.4418 0.7108
0 1.6822 0.4418 0.7062
0 1.7053 0.4418 0.6985
0 1.7066 0.4418 0.6939
0 1.7308 0.4418 0.6863
0 1.7321 0.4418 0.6817
0 1.7553 0.4418 0.6740
0 1.7565 0.4433 0.6710
0 1.7811 0.4433 0.6648
0 1.7823 0.4433 0.6618
0 1.8054 0.4433 0.6541
0 1.8069 0.4433 0.6526
0 1.8302 0.4433 0.6464
0 1.8322 0.4449 0.6434
0 1.8556 0.4449 0.6373
0 1.8569 0.4449 0.6342
0 1.8810 0.4449 0.6281
0 1.8823 0.4449 0.6235
0 1.9053 0.4449 0.6173
0 1.9072 0.4449 0.6143
0 1.9313 0.4449 0.6081
0 1.9326 0.4449 0.6036
0 1.9555 0.4464 0.5990
0 1.9579 0.4464 0.5959
0 1.9801 0.4464 0.5882
0 1.9821 0.4464 0.5882
0 2.0064 0.4464 0.5836
0 2.0076 0.4464 0.5806
0 2.0312 0.4464 0.5744
0 2.0324 0.4464 0.5714
0 2.0555 0.4479 0.5653
0 2.0567 0.4479 0.5622
0 2.0798 0.4479 0.5545
0 2.0823 0.4479 0.5515
0 2.1054 0.4479 0.5438
0 2.1071 0.4494 0.5407
0 2.1300 0.4494 0.5331
0 2.1324 0.4494 0.5300
0 2.1553 0.4494 0.5208
0 2.1571 0.4494 0.5193
0 2.1803 0.4510 0.5147
0 2.1822 0.4510 0.5116
0 2.2052 0.4510 0.5040
0 2.2068 0.4510 0.5009
0 2.2303 0.4510 0.4948
0 2.2320 0.4510 0.4917
0 2.2555 0.4510 0.4871
0 2.2568 0.4510 0.4841
0 2.2806 0.4510 0.4795
0 2.2824 0.4510 0.4764
0 2.3059 0.4510 0.4718
0 2.3072 0.4510 0.4687
0 2.3310 0.4510 0.4626
0 2.3323 0.4510 0.4611
0 2.3563 0.4525 0.4550
0 2.3576 0.4525 0.4534
0 2.3807 0.4525 0.4473
0 2.3819 0.4525 0.4458
0 2.4058 0.4525 0.4412
0 2.4070 0.4525 0.4381
0 2.4309 0.4525 0.4366
0 2.4322 0.4525 0.4350
0 2.4554 0.4525 0.4320
0 2.4567 0.4525 0.4320
0 2.4807 0.4525 0.4305
0 2.5055 0.4525 0.4305
0 2.5831 0.4525 0.4305
0 2.6039 0.4510 0.4305
0 2.6226 0.4494 0.4305
0 2.6238 0.4494 0.4305
0 2.6467 0.4464 0.4305
0 2.6488 0.4464 0.4305
0 2.6720 0.4433 0.4305
0 2.6737 0.4403 0.4305
0 2.6973 0.4372 0.4305
0 2.6987 0.4341 0.4305
0 2.7219 0.4265 0.4305
0 2.7234 0.4219 0.4305
0 2.7471 0.4127 0.4305
0 2.7490 0.4081 0.4305
0 2.7723 0.3989 0.4305
0 2.7742 0.3958 0.4289
0 2.7970 0.3882 0.4289
0 2.8010 0.3851 0.4289
0 2.8220 0.3790 0.4289
0 2.8238 0.3759 0.4274
0 2.8467 0.3713 0.4274
0 2.8489 0.3683 0.4259
0 2.8720 0.3652 0.4259
0 2.8732 0.3637 0.4243
0 2.8969 0.3591 0.4243
0 2.8989 0.3560 0.4243
0 2.9220 0.3529 0.4228
0 2.9234 0.3499 0.4228
0 2.9470 0.3453 0.4213
0 2.9487 0.3422 0.4213
0 2.9728 0.3376 0.4197
0 2.9743 0.3346 0.4197
0 2.9967 0.3269 0.4182
0 2.9987 0.3238 0.4182
0 3.0225 0.3162 0.4167
0 3.0237 0.3116 0.4167
0 3.0480 0.3055 0.4151
0 3.0493 0.3009 0.4151
0 3.0717 0.2917 0.4136
0 3.0733 0.2871 0.4136
0 3.0970 0.2794 0.4121
0 3.0987 0.2748 0.4105
0 3.1219 0.2687 0.4105
0 3.1236 0.2641 0.4090
0 3.1472 0.2580 0.4090
0 3.1484 0.2534 0.4075
0 3.1721 0.2457 0.4075
0 3.1737 0.2426 0.4075
0 3.1970 0.2335 0.4059
0 3.1987 0.2289 0.4059
0 3.2225 0.2227 0.4044
0 3.2238 0.2181 0.4044
0 3.2471 0.2105 0.4044
0 3.2484 0.2074 0.4044
0 3.2726 0.2013 0.4044
0 3.2739 0.1982 0.4044
0 3.2972 0.1921 0.4044
0 3.2985 0.1906 0.4044
0 3.3221 0.1844 0.4044
0 3.3238 0.1829 0.4044
0 3.3468 0.1783 0.4044
0 3.3489 0.1752 0.4044
0 3.3718 0.1706 0.4044
0 3.3738 0.1676 0.4044
0 3.3974 0.1645 0.4044
0 3.3987 0.1615 0.4044
0 3.4220 0.1569 0.4044
0 3.4234 0.1538 0.4044
0 3.4471 0.1492 0.4044
0 3.4484 0.1461 0.4044
0 3.4718 0.1415 0.4059
0 3.4738 0.1400 0.4059
0 3.4971 0.1354 0.4075
0 3.4985 0.1339 0.4075
0 3.5218 0.1324 0.4075
0 3.5236 0.1308 0.4075
0 3.5469 0.1278 0.4090
0 3.5487 0.1262 0.4090
0 3.5722 0.1247 0.4105
0 3.5734 0.1247 0.4105
0 3.5970 0.1216 0.4105
0 3.5983 0.1216 0.4121
0 3.6325 0.1216 0.4121
0 3.6509 0.1216 0.4121
0 3.6710 0.1216 0.4136
0 3.6892 0.1216 0.4136
0 3.7133 0.1216 0.4136
0 3.7387 0.1216 0.4151
0 3.7640 0.1216 0.4167
0 3.7656 0.1216 0.4167
0 3.7882 0.1232 0.4197
0 3.7900 0.1232 0.4213
0 3.8134 0.1232 0.4259
0 3.8160 0.1232 0.4274
0 3.8384 0.1232 0.4320
0 3.8408 0.1232 0.4335
0 3.8637 0.1232 0.4381
0 3.8655 0.1232 0.4412
0 3.8889 0.1232 0.4473
0 3.8910 0.1232 0.4519
0 3.9134 0.1232 0.4565
0 3.9158 0.1232 0.4611
0 3.9379 0.1232 0.4687
0 3.9563 0.1232 0.4825
0 3.9804 0.1232 0.4902
0 3.9822 0.1232 0.4933
0 4.0049 0.1232 0.4994
0 4.0072 0.1232 0.5025
0 4.0301 0.1232 0.5070
0 4.0325 0.1232 0.5101
0 4.0550 0.1232 0.5147
0 4.0571 0.1232 0.5178
0 4.0801 0.1232 0.5239
0 4.0822 0.1232 0.5270
0 4.1056 0.1232 0.5346
0 4.1069 0.1232 0.5377
0 4.1302 0.1232 0.5438
0 4.1321 0.1232 0.5469
0 4.1553 0.1232 0.5515
0 4.1572 0.1232 0.5530
0 4.1801 0.1216 0.5576
0 4.1823 0.1216 0.5591
0 4.2059 0.1216 0.5637
0 4.2072 0.1216 0.5668
0 4.2311 0.1201 0.5714
0 4.2325 0.1201 0.5729
0 4.2552 0.1186 0.5775
0 4.2574 0.1186 0.5806
0 4.2811 0.1186 0.5852
0 4.2824 0.1186 0.5867
0 4.3056 0.1170 0.5928
0 4.3069 0.1170 0.5959
0 4.3311 0.1170 0.6020
0 4.3325 0.1170 0.6051
0 4.3551 0.1155 0.6112
0 4.3574 0.1155 0.6143
0 4.3800 0.1155 0.6204
0 4.3823 0.1155 0.6219
0 4.4051 0.1155 0.6281
0 4.4077 0.1155 0.6296
0 4.4300 0.1140 0.6373
0 4.4327 0.1140 0.6388
0 4.4551 0.1140 0.6434
0 4.4569 0.1140 0.6449
0 4.4801 0.1140 0.6495
0 4.4821 0.1140 0.6510
0 4.5049 0.1140 0.6556
0 4.5072 0.1140 0.6587
0 4.5301 0.1140 0.6618
0 4.5321 0.1140 0.6648
0 4.5546 0.1140 0.6694
0 4.5734 0.1140 0.6725
0 4.5747 0.1140 0.6740
0 4.5976 0.1140 0.6756
0 4.5989 0.1140 0.6756
0 4.6242 0.1140 0.6756
0 4.6586 0.1140 0.6771
0 4.6769 0.1140 0.6771
0 4.8278 0.1140 0.6771
0 4.8535 0.1170 0.6756
0 4.8735 0.1186 0.6756
0 4.8750 0.1186 0.6756
0 4.8968 0.1216 0.6740
0 4.8992 0.1232 0.6740
0 4.9219 0.1262 0.6740
0 4.9242 0.1278 0.6740
0 4.9467 0.1354 0.6740
0 4.9493 0.1369 0.6740
0 4.9720 0.1431 0.6740
0 4.9742 0.1461 0.6740
0 4.9967 0.1538 0.6740
0 4.9991 0.1584 0.6740
0 5.0218 0.1645 0.6740
0 5.0245 0.1676 0.6740
0 5.0480 0.1722 0.6740
0 5.0496 0.1752 0.6740
0 5.0731 0.1783 0.6740
0 5.0746 0.1814 0.6740
0 5.0981 0.1844 0.6740
0 5.0996 0.1860 0.6740
0 5.1226 0.1906 0.6756
0 5.1239 0.1921 0.6756
0 5.1469 0.1967 0.6756
0 5.1489 0.1982 0.6756
0 5.1719 0.2028 0.6771
0 5.1739 0.2044 0.6771
0 5.1967 0.2089 0.6786
0 5.1986 0.2120 0.6786
0 5.2218 0.2166 0.6801
0 5.2239 0.2197 0.6801
0 5.2462 0.2258 0.6817
0 5.2642 0.2304 0.6832
0 5.2657 0.2335 0.6832
0 5.2884 0.2411 0.6832
0 5.2906 0.2457 0.6847
0 5.3135 0.2488 0.6863
0 5.3154 0.2518 0.6863
0 5.3386 0.2580 0.6878
0 5.3403 0.2610 0.6878
0 5.3635 0.2656 0.6893
0 5.3653 0.2672 0.6909
0 5.3885 0.2733 0.6924
0 5.3905 0.2748 0.6924
0 5.4134 0.2794 0.6939
0 5.4157 0.2825 0.6955
0 5.4383 0.2871 0.6955
0 5.4405 0.2886 0.6970
0 5.4633 0.2932 0.6970
0 5.4656 0.2963 0.6970
0 5.4879 0.3009 0.6985
0 5.5060 0.3055 0.6985
0 5.5074 0.3085 0.6985
0 5.5301 0.3146 0.6985
0 5.5322 0.3162 0.6985
0 5.5552 0.3208 0.6985
0 5.5580 0.3238 0.6985
0 5.5800 0.3284 0.6985
0 5.5819 0.3300 0.6985
0 5.6050 0.3330 0.6985
0 5.6076 0.3346 0.6985
0 5.6299 0.3392 0.6985
0 5.6322 0.3407 0.6985
0 5.6551 0.3422 0.6985
0 5.6571 0.3438 0.6985
0 5.6802 0.3468 0.6985
0 5.6824 0.3468 0.6985
0 5.7054 0.3499 0.6985
0 5.7070 0.3529 0.6985
0 5.7304 0.3545 0.6985
0 5.7320 0.3560 0.6985
0 5.7550 0.3591 0.6985
0 5.7572 0.3606 0.6985
0 5.7804 0.3637 0.6985
0 5.7830 0.3652 0.6985
0 5.8051 0.3683 0.6985
0 5.8073 0.3683 0.6985
0 5.8298 0.3729 0.6985
0 5.8322 0.3729 0.6985
0 5.8552 0.3759 0.6985
0 5.8572 0.3775 0.6985
0 5.8801 0.3805 0.6985
0 5.8822 0.3820 0.6985
0 5.9056 0.3836 0.6985
0 5.9073 0.3836 0.6985
0 5.9299 0.3836 0.6985
0 5.9320 0.3851 0.6985
